Gets:0.22900046926325668
RecoverableZookeeper.getData:2.6666666666666665
RecoverableZookeeper.exists:1.1638418079096045
HFileReaderV2.readBlock:2.75
ClientService.Get:3.650943396226415
